,LVI 11111111 - lilium.

1111111-(111111111111111, 1111111 1111111 adv. - lenius lacessere
,1111111111111111111 111 11111111 11111.
1111,111111111111111111111, 1111111111, L. Cornelius 11,
,1111111111 -11111 111111 Ie: 11111111 111111 1111 ,1111111
11111,11111111111111111111111. 111 gome 49 1. (111. 1111

1111111 (1111111111 - 11111, (I. 1111111111.
111111111111111111 11111111 11111-11111111111111, 1111111
111111. mie 11111111 1111111 proelium, momentum, 11-
611111111111 111 11111111 ditio; 1111, 1111111111111.
11111111 11111111111111111 11111111 1111111111 11111 11111
11111 1111111111 1111111111 11111111111111111111111111
1111111111 111111111111111 ῶ1111111,1111111111111111
1111111111 111 1111111111 111111111111111111111.
111 1111111111, in 111111 1111111111.1111,111111;11-
11111111 11111 11111 111 bentius 111111.
zita legatus pro praetore 111111111ἰς 1111111111111111
111111. 1111111 - liberis sententiis

1111111111111 111111111111111, (111118.) 111 11111111θί1
111111, 1111111 1111 3111 111βί111111 VIII, 52, 4.
111111 111 101111111111 1111111111. 1111, 1111111111
300-36011111, 1111111111 1111111111, 11111, 1111111111,
111 3 manipuli (loo—120 1111111111111111,1111111111
1111111) gu je 2 1111111111 1111, 111111111111111,
(10-60111111111111111. 1111 11111111 (libra 1111111) 11111111
111111111111111111 1111111 funda 11111111111111111,
gion hettug 11111 3010111 11111111 1111111, 1111111111
3600 mann. 111.

11111111τί11 1111111111 11111111 11111111 1111111111, 3111111111111.
miles 1111111111111. Liger eris m. 11111111, 111

1111111111 &abt bet 1111111111 1111 11 1111111111.
111 1111111111 11111111, 1111 11111111111;11 1111 Ι1111 111

1111111. 111111111111111111
1111111111 1111111111 11111 11111 111111111111111111111111,
1111 1111 1111 1111111111 mit 1111 1111 1111111111, 111 1111
1111111111111111111111111, 1111111111, 11111 11 11111111
1111111111. 1111, 1111 111 (11111111 111

 

